00231114028
00231114109
00231114290
00231114370
00231114532
00231114613
00231114702
00231114885
00231115008
00231115180
00231115261
00231115342
00231115504
00231115695
00231115776
00231115857
00231116071
00231116152
00231116233
00231116314
00231116586
00231116667
00231116748
00231116829
00231117043
00231117124
00231117205
00231117396
00231117558
00231117639
00231117710
00231117809
00231118015
00231118104
00231118287
00231118368
00231118449
00231118791
00231118872
00231119097
00231119178
00231119259
00231119330
00231119500
00231119682
00231119763
00231119844
00231120001
00231120184
00231120265
00231120346
00231120508
00231120699
00231120770
00231120850
00231121075
00231121156
00231121237
00231121318
00231121580
00231121660
00231121741
00231121822
00231122047
00231122128
00231122209
00231122390
00231122551
00231122632
00231122713
00231122802
00231123019
00231123108
00231123280
00231123361
00231123523
00231123604
00231123795
00231123876
00231124090
00231124171
00231124252
00231124333
00231124503
00231124686
00231124767
00231124848
00231125062
00231125143
00231125224
00231125305
00231125577
00231125658
00231125739
00231125810
00231126034
00231126115
00231126204
00231126387
00231126468
00231126549
00231126700
00231126891
00231126972
00231127006
00231127197
00231127278
00231127359
00231127510
00231127600
00231127782
00231127863
00231128088
00231128169
00231128240
00231128320
00231128592
00231128673
00231128754
00231128835
00231129050
00231129130
00231129211
00231129300
00231129564
00231129645
00231129726
00231129807
00231130066
00231130147
00231130228
00231130309
00231130570
00231130651
00231130732
00231130813
00231131038
00231131119
00231131208
00231131380
00231131542
00231131623
00231131704
00231132000
00231132190
00231132271
00231132352
00231132514
00231132603
00231132786
00231132867
00231133081
00231133162
00231133243
00231133324
00231133596
00231133758
00231133839
00231134134
00231134304
00231134487
00231134568
00231134720
00231134800
00231134991
00231135025
00231135106
00231135297
00231135378
00231135530
00231135610
00231135700
00231135882
00231136005
00231136188
00231136269
00231136340
00231136501
00231136692
00231136773
00231136854
00231137079
00231137150
00231137230
00231137311
00231137583
00231137664
00231137745
00231137826
00231138040
00231138121
00231138202
00231138393
00231138555
00231138636
00231138717
00231138806
00231139012
00231139101
00231139284
00231139365
00231139527
00231139608
00231139799
00231139870
00231140029
00231140100
00231140290
00231140371
00231140533
00231140614
00231140703
00231140886
00231141009
00231141181
00231141262
00231141343
00231141505
00231141696
00231141777
00231141858
00231142072
00231142153
00231142234
00231142404
00231142587
00231142749
00231142820
00231142900
00231143044
00231143125
00231143206
00231143397
00231143559
00231143630
00231143710
00231143800
00231144016
00231144105
00231144288
00231144369
00231144520
00231144601
00231144792
00231144873
00231145098
00231145179
00231145250
00231145330
00231145500
00231145683
00231145764
00231145845
00231146060
00231146140
00231146221
00231146302
00231146574
00231146655
00231146736
00231146817
00231147031
00231147112
00231147201
00231147384
00231147546
00231147627
00231147708
00231147899
00231148003
00231148194
00231148275
00231148356
00231148518
00231148607
00231148780
00231148860
00231149085
00231149166
00231149247
00231149328
00231149590
00231149670
00231149751
00231149832
00231150172
00231150253
00231150334
00231150415
00231150504
00231150768
00231150849
00231150920
00231151063
00231151144
00231151225
00231151306
00231151578
00231151659
00231151730
00231151810
00231152035
00231152116
00231152205
00231152388
00231152540
00231152620
00231152701
00231152892
00231153007
00231153198
00231153279
00231153350
00231153511
00231153600
00231153783
00231153864
00231154089
00231154160
00231154240
00231154321
00231154593
00231154674
00231154755
00231154836
00231155050
00231155131
00231155212
00231155301
00231155565
00231155646
00231155727
00231156022
00231156103
00231156294
00231156375
00231156537
00231156618
00231156707
00231156880
00231157002
00231157185
00231157266
00231157347
00231157509
00231157690
00231157770
00231157851
00231158076
00231158157
00231158238
00231158319
00231158580
00231158661
00231158742
00231158823
00231159048
00231159129
00231159200
00231159390
00231159552
00231159633
00231159714
00231159803
00231160054
00231160135
00231160216
00231160305
00231160569
00231160640
00231160720
00231160801
00231161026
00231161107
00231161298
00231161379
00231161530
00231161611
00231161700
00231161883
00231162006
00231162189
00231162260
00231162340
00231162502
00231162693
00231162774
00231162855
00231163070
00231163150
00231163231
00231163312
00231163584
00231163665
00231163746
00231163827
00231164041
00231164122
00231164203
00231164394
00231164556
00231164637
00231164718
00231164807
00231165013
00231165102
00231165285
00231165366
00231165528
00231165609
00231165790
00231165870
00231166095
00231166176
00231166257
00231166338
00231166508
00231166680
00231166761
00231166842
00231167067
00231167148
00231167229
00231167300
00231167571
00231167652
00231167733
00231167814
00231168039
00231168110
00231168209
00231168381
00231168543
00231168624
00231168705
00231168896
00231169191
00231169272
00231169353
00231169434
00231169515
00231169949
00231170017
00231170106
00231170289
00231170360
00231170521
00231170602
00231170793
00231170874
00231171099
00231171170
00231171250
00231171331
00231171501
00231171684
00231171765
00231171846
00231172060
00231172141
00231172222
00231172303
00231172575
00231172656
00231172737
00231172818
00231173032
00231173113
00231173202
00231173385
00231173547
00231173628
00231173709
00231173890
00231174004
00231174195
00231174276
00231174357
00231174519
00231174608
00231174780
00231174861
00231175086
00231175167
00231175248
00231175329
00231175590
00231175671
00231175752
00231175833
00231176058
00231176139
00231176210
00231176309
00231176562
00231176643
00231176724
00231176805
00231177100
00231177291
00231177372
00231177453
00231177534
00231177704
00231177887
00231177968
00231178000
00231178182
00231178263
00231178344
00231178506
00231178697
00231178778
00231178859
00231179073
00231179154
00231179235
00231179316
00231179588
00231179669
00231179740
00231179820
00231180080
00231180160
00231180241
00231180322
00231180594
00231180675
00231180756
00231180837
00231181051
00231181132
00231181213
00231181302
00231181566
00231181647
00231181728
00231181809
00231182023
00231182104
00231182295
00231182376
00231182538
00231182619
00231182708
00231182880
00231183003
00231183186
00231183267
00231183348
00231183500
00231183690
00231183771
00231183852
00231184077
00231184158
00231184239
00231184310
00231184581
00231184662
00231184743
00231184824
00231185049
00231185120
00231185391
00231185472
00231185553
00231185715
00231185804
00231185987
00231186010
00231186100
00231186282
00231186363
00231186525
00231186606
00231186797
00231186878
00231187092
00231187173
00231187254
00231187335
00231187505
00231187688
00231187769
00231187840
00231188064
00231188145
00231188226
00231188307
00231188579
00231188650
00231188730
00231188811
00231189036
00231189117
00231189206
00231189389
00231189540
00231189621
00231189702
00231189893
00231190042
00231190123
00231190204
00231190395
00231190557
00231190638
00231190719
00231190808
00231191014
00231191103
00231191286
00231191367
00231191529
00231191600
00231191790
00231191871
00231192096
00231192177
00231192258
00231192339
00231192509
00231192681
00231192762
00231192843
00231193068
00231193149
00231193220
00231193300
00231193491
00231193572
00231193734
00231193815
00231193904
00231194030
00231194110
00231194200
00231194382
00231194544
00231194625
00231194706
00231194897
00231195001
00231195192
00231195273
00231195354
00231195516
00231195605
00231195788
00231195869
00231196083
00231196164
00231196245
00231196326
00231196598
00231196679
00231196750
00231196830
00231197055
00231197136
00231197217
00231197306
00231197560
00231197640
00231197721
00231197802
00231198027
00231198108
00231198299
00231198370
00231198531
00231198612
00231198701
00231198884
00231199007
00231199180
00231199260
00231199341
00231199503
00231199694
00231199775
00231199856
00231200021
00231200102
00231200293
00231200374
00231200536
00231200617
00231200706
00231200889
00231201001
00231201184
00231201265
00231201346
00231201508
00231201699
00231201770
00231201850
00231202075
00231202156
00231202237
00231202318
00231202580
00231202660
00231202741
00231202822
00231203047
00231203128
00231203209
00231203390
00231203551
00231203632
00231203713
00231203802
00231204019
00231204108
00231204280
00231204361
00231204523
00231204604
00231204795
00231204876
00231205090
00231205171
00231205252
00231205333
00231205503
00231205686
00231205767
00231205848
00231206062
00231206143
00231206224
00231206305
00231206577
00231206658
00231206739
00231206810
00231207115
00231207204
00231207387
00231207468
00231207549
00231207891
00231207972
00231208006
00231208197
00231208278
00231208359
00231208510
00231208600
00231208782
00231208863
00231209088
00231209169
00231209240
00231209320
00231209592
00231209673
00231209754
00231209835
00231210094
00231210175
00231210256
00231210337
00231210507
00231210680
00231210760
00231210841
00231211066
00231211147
00231211228
00231211309
00231211570
00231211651
00231211732
00231211813
00231212038
00231212119
00231212208
00231212380
00231212542
00231212623
00231212704
00231212895
00231213000
00231213190
00231213271
00231213352
00231213514
00231213603
00231213786
00231213867
00231214081
00231214162
00231214243
00231214324
00231214596
00231214677
00231214758
00231214839
00231215134
00231215215
00231215304
00231215487
00231215568
00231215720
00231215800
00231215991
00231216025
00231216106
00231216297
00231216378
00231216530
00231216610
00231216700
00231216882
00231217005
00231217188
00231217269
00231217340
00231217501
00231217692
00231217773
00231217854
00231218079
00231218150
00231218230
00231218311
00231218583
00231218664
00231218745
00231218826
00231219040
00231219121
00231219202
00231219393
00231219555
00231219636
00231219717
00231219806
00231220057
00231220138
00231220219
00231220308
00231220561
00231220642
00231220723
00231220804
00231221029
00231221100
00231221290
00231221371
00231221533
00231221614
00231221703
00231221886
00231222009
00231222181
00231222262
00231222343
00231222505
00231222696
00231222777
00231222858
00231223153
00231223234
00231223315
00231223404
00231223587
00231223749
00231223900
00231224044
00231224125
00231224206
00231224397
00231224559
00231224630
00231224710
00231224800
00231225016
00231225105
00231225288
00231225369
00231225520
00231225601
00231225792
00231225873
00231226098
00231226179
00231226250
00231226330
00231226500
00231226683
00231226764
00231226845
00231227060
00231227140
00231227221
00231227302
00231227574
00231227655
00231227736
00231227817
00231228031
00231228112
00231228201
00231228384
00231228546
00231228627
00231228708
00231228899
00231229003
00231229194
00231229275
00231229356
00231229518
00231229607
00231229780
00231229860
00231230010
00231230109
00231230281
00231230362
00231230524
00231230605
00231230796
00231230877
00231231091
00231231172
00231231253
00231231334
00231231415
00231231504
00231231768
00231231920
00231232063
00231232144
00231232225
00231232306
00231232578
00231232659
00231232730
00231232810
00231233035
00231233116
00231233205
00231233388
00231233540
00231233620
00231233701
00231233892
00231234007
00231234198
00231234279
00231234350
00231234511
00231234600
00231234783
00231234864
00231235089
00231235160
00231235240
00231235321
00231235593
00231235674
00231235755
00231235836
00231236050
00231236131
00231236212
00231236301
00231236565
00231236646
00231236727
00231236808
00231237022
00231237103
00231237294
00231237375
00231237537
00231237618
00231237707
00231237880
00231238002
00231238185
00231238266
00231238347
00231238509
00231238690
00231238770
00231238851
00231239076
00231239157
00231239238
00231239319
00231239580
00231239661
00231239742
00231239823
00231240082
00231240163
00231240244
00231240325
00231240406
00231240597
00231240759
00231240830
00231240910
00231241054
00231241135
00231241216
00231241305
00231241569
00231241640
00231241720
00231241801
00231242026
00231242107
00231242298
00231242379
00231242530
00231242611
00231242700
00231242883
00231243006
00231243189
00231243260
00231243340
00231243502
00231243693
00231243774
00231243855
00231244070
00231244150
00231244231
00231244312
00231244584
00231244665
00231244746
00231244827
00231245041
00231245122
00231245203
00231245394
00231245556
00231245637
00231245718
00231245807
00231246013
00231246102
00231246285
00231246366
00231246528
00231246609
00231246790
00231246870
00231247095
00231247176
00231247257
00231247338
00231247508
00231247680
00231247761
00231247842
00231248067
00231248148
00231248229
00231248300
00231248571
00231248652
00231248733
00231248814
00231249039
00231249110
00231249209
00231249381
00231249543
00231249624
00231249705
00231249896
00231250045
00231250126
00231250207
00231250398
00231250550
00231250630
00231250711
00231250800
00231251017
00231251106
00231251289
00231251360
00231251521
00231251602
00231251793
00231251874
00231252099
00231252170
00231252250
00231252331
00231252501
00231252684
00231252765
00231252846
00231253060
00231253141
00231253222
00231253303
00231253575
00231253818
00231254032
00231254113
00231254202
00231254385
00231254547
00231254628
00231254709
00231254890
00231255004
00231255195
00231255276
00231255357
00231255519
00231255608
00231255780
00231255861
00231256086
00231256167
00231256248
00231256329
00231256590
00231256671
00231256752
00231256833
00231257058
00231257139
00231257210
00231257309
00231257562
00231257643
00231257724
00231257805
00231258020
00231258100
00231258372
00231258453
00231258534
00231258887
00231258968
00231259000
00231259182
00231259263
00231259344
00231259506
00231259697
00231259778
00231259859
00231260008
00231260199
00231260270
00231260350
00231260512
00231260601
00231260784
00231260865
00231261080
00231261160
00231261241
00231261322
00231261594
00231261675
00231261756
00231261837
00231262051
00231262132
00231262213
00231262302
00231262566
00231262647
00231262728
00231262809
00231263023
00231263104
00231263295
00231263376
00231263538
00231263708
00231263880
00231264003
00231264186
00231264267
00231264348
00231264500
00231264690
00231264771
00231264852
00231265077
00231265158
00231265239
00231265310
00231265581
00231265662
00231265743
00231265824
00231266049
00231266120
00231266391
00231266472
00231266553
00231266715
00231266804
00231266987
00231267010
00231267100
00231267282
00231267363
00231267525
00231267797
00231267878
00231268092
00231268173
00231268254
00231268335
00231268505
00231268688
00231268769
00231268840
00231269064
00231269145
00231269226
00231269307
002312694989579
00231269650
00231269730
00231269811
00231270070
00231270151
00231270232
00231270313
00231270585
00231270666
00231270747
00231270828
00231271042
00231271123
00231271204
00231271395
00231271557
00231271638
00231271719
00231271808
00231272014
00231272103
00231272286
00231272367
00231272529
00231272600
00231272790
00231272871
00231273096
00231273177
00231273258
00231273339
00231273509
00231273681
00231273762
00231273843
00231274149
00231274220
00231274300
00231274572
00231274734
00231274815
00231274904
00231275030
00231275110
00231275200
00231275382
00231275544
00231275625
00231275706
00231275897
00231276001
00231276192
00231276273
00231276354
00231276516
00231276605
00231276788
00231276869
00231277083
00231277164
00231277245
00231277326
00231277598
00231277679
00231277750
00231277830
00231278055
00231278136
00231278217
00231278306
00231278560
00231278640
00231278721
00231278802
00231279027
00231279108
00231279299
00231279370
00231279531
00231279612
00231279701
00231279884
00231280033
00231280114
00231280203
00231280386
00231280548
00231280629
00231280700
00231280890
00231281005
00231281196
00231281277
00231281358
00231281510
00231281609
00231281781
00231281862
00231282168
00231282249
00231282320
00231282400
00231282591
00231282753
00231282834
00231282915
00231283059
00231283130
00231283210
00231283300
00231283563
00231283644
00231283725
00231283806
00231284020
00231284101
00231284292
00231284373
00231284535
00231284616
00231284705
00231284888
00231285000
00231285183
00231285264
00231285345
00231285507
00231285698
00231285779
00231285850
00231286074
00231286155
00231286236
00231286317
00231286589
00231286660
00231286740
00231286821
00231287046
00231287127
00231287208
00231287399
00231287550
00231287631
00231287712
00231287801
00231288018
00231288107
00231288280
00231288360
00231288522
00231288603
00231288794
00231288875
00231289090
00231289170
00231289251
00231289332
00231289502
00231289685
00231289766
00231289847
00231290187
00231290268
00231290349
00231290420
00231290500
00231290772
00231290853
00231291078
00231291159
00231291230
00231291310
00231291582
00231291663
00231291744
00231291825
00231292040
00231292120
00231292201
00231292392
00231292554
00231292635
00231292716
00231292805
00231293011
00231293100
00231293283
00231293364
00231293526
00231293607
00231293798
00231293879
00231294093
00231294174
00231294255
00231294336
00231294506
00231294689
00231294760
00231294840
00231295065
00231295146
00231295227
00231295308
00231295570
00231295650
00231295731
00231295812
00231296037
00231296118
00231296207
00231296380
00231296541
00231296622
00231296703
00231296894
00231297009
00231297190
00231297270
00231297351
00231297513
00231297602
00231297785
00231297866
00231298080
00231298161
00231298242
00231298323
00231298595
00231298676
00231298757
00231298838
00231299052
00231299133
00231299214
00231299303
00231299567
00231299648
00231299729
00231299800
00231300085
00231300166
00231300247
00231300328
00231300590
00231300670
00231300751
00231300832
00231301057
00231301138
00231301219
00231301308
00231301561
00231301642
00231301723
00231301804
00231302029
00231302100
00231302290
00231302371
00231302533
00231302614
00231302703
00231302886
00231303009
00231303181
00231303262
00231303343
00231303505
00231303696
00231303777
00231303858
00231304153
00231304234
00231304315
00231304404
00231304749
00231304820
00231304900
00231305044
00231305125
00231305206
00231305397
00231305559
00231305630
00231305710
00231305800
00231306016
00231306105
00231306288
00231306369
00231306520
00231306601
00231306792
00231306873
00231307098
00231307179
00231307250
00231307330
00231307500
00231307683
00231307764
00231307845
00231308060
00231308140
00231308221
00231308302
00231308574
00231308655
00231308736
00231308817
002313089069031
00231309112
00231309201
00231309384
00231309546
00231309627
00231309708
00231309899
00231310048
00231310129
00231310200
00231310390
00231310552
00231310633
00231310714
00231310803
00231311010
00231311109
00231311281
00231311362
00231311524
00231311605
00231311796
00231311877
00231312172
00231312253
00231312334
00231312415
00231312504
00231312768
00231312849
00231312920
00231313063
00231313144
00231313225
00231313306
00231313578
00231313659
00231313730
00231313810
00231314035
00231314116
00231314205
00231314388
00231314540
00231314620
00231314701
00231314892
00231315007
00231315198
00231315279
00231315350
00231315511
00231315600
00231315783
00231315864
00231316089
00231316160
00231316240
00231316321
00231316593
00231316674
00231316755
00231316836
00231317050
00231317131
00231317212
00231317301
00231317565
00231317646
00231317727
00231317808
00231318022
00231318103
00231318294
00231318375
00231318537
00231318618
00231318707
00231318880
00231319002
00231319185
00231319266
00231319347
00231319509
00231319690
00231319770
00231319851
00231320191
00231320272
00231320353
00231320434
00231320515
00231320787
00231320868
00231320949
00231321082
00231321163
00231321244
00231321325
00231321597
00231321678
00231321759
00231321830
00231322054
00231322135
00231322216
00231322305
00231322569
00231322640
00231322720
00231322801
00231323026
00231323107
00231323298
00231323379
00231323530
00231323611
00231323700
00231323883
00231324006
00231324189
00231324260
00231324340
00231324502
00231324693
00231324774
00231324855
00231325070
00231325150
00231325231
00231325312
00231325584
00231325665
00231325746
00231325827
00231326041
00231326122
00231326203
00231326394
00231326556
00231326637
00231326718
00231326807
00231327013
00231327102
00231327285
00231327366
00231327528
00231327609
00231327790
00231327870
00231328095
00231328176
00231328257
00231328338
00231328508
00231328680
00231328761
00231328842
00231329067
00231329148
00231329229
00231329300
00231329571
00231329652
00231329733
00231329814
00231330073
00231330154
00231330235
00231330316
00231330588
00231330669
00231330740
00231330820
00231331045
00231331126
00231331207
00231331398
00231331550
00231331630
00231331711
00231331800
00231332017
00231332106
00231332289
00231332360
00231332521
00231332602
00231332793
00231332874
00231333099
00231333170
00231333250
00231333331
00231333501
00231333684
00231333765
00231333846
00231334060
00231334141
00231334222
00231334303
00231334575
00231334656
00231334737
00231334818
00231335032
00231335113
00231335202
00231335385
00231335547
00231335628
00231335709
00231335890
00231336004
00231336195
00231336276
00231336357
00231336519
00231336608
00231336780
00231336861
00231337086
00231337167
00231337248
00231337329
00231337590
00231337671
00231337752
00231337833
00231338058
00231338139
00231338210
00231338309
00231338562
00231338643
00231338724
00231338805
00231339020
00231339100
00231339291
00231339372
00231339453
00231339534
00231339704
00231339887
00231339968
00231340036
00231340117
00231340206
00231340389
00231340540
00231340621
00231340702
00231340893
00231341008
00231341199
00231341270
00231341350
00231341512
00231341601
00231341784
00231341865
00231342080
00231342160
00231342241
00231342322
00231342594
00231342675
00231342756
00231342837
00231343051
00231343132
00231343213
00231343302
00231343566
00231343647
00231343728
00231343809
00231344023
00231344104
00231344295
00231344376
00231344538
00231344619
00231344708
00231344880
00231345003
00231345186
00231345267
00231345348
00231345500
00231345690
00231345771
00231345852
00231346077
00231346158
00231346239
00231346310
00231346581
00231346662
00231346743
00231346824
00231347120
00231347200
00231347391
00231347472
00231347553
00231347715
00231347804
00231348010
00231348100
00231348282
00231348363
00231348525
00231348606
00231348797
00231348878
00231349092
00231349173
00231349254
00231349335
00231349505
00231349688
00231349769
00231349840
00231350007
00231350180
00231350260
00231350341
00231350503
00231350694
00231350775
00231350856
00231351070
00231351151
00231351232
00231351313
00231351585
00231351666
00231351747
00231351828
00231352042
00231352123
00231352204
00231352395
00231352557
00231352638
00231352719
00231352808
00231353014
00231353103
00231353286
00231353367
00231353529
00231353600
00231353790
00231353871
00231354096
00231354177
00231354258
00231354339
00231354509
00231354681
00231354762
00231354843
00231355149
00231355220
00231355300
00231355491
00231355734
00231355815
00231355904
00231356030
00231356110
00231356200
00231356382
00231356544
00231356625
00231356706
00231356897
00231357001
00231357192
00231357273
00231357354
00231357516
00231357605
00231357788
00231357869
00231358083
00231358164
00231358245
00231358326
00231358598
00231358679
00231358750
00231358830
00231359055
00231359136
00231359217
00231359306
002313594899560
00231359640
00231359721
00231359802
00231360061
00231360142
00231360223
00231360304
00231360576
00231360657
00231360738
00231360819
00231361033
00231361114
00231361203
00231361386
00231361548
00231361629
00231361700
00231361890
00231362005
00231362196
00231362277
00231362358
00231362510
00231362609
00231362781
00231362862
00231363249
00231363320
00231363400
00231363591
00231363834
00231363915
00231364059
00231364130
00231364210
00231364300
00231364563
00231364644
00231364725
00231364806
00231365020
00231365101
00231365292
00231365373
00231365535
00231365616
00231365705
00231365888
00231366000
00231366183
00231366264
00231366345
00231366507
00231366698
00231366779
00231366850
00231367074
00231367155
00231367236
00231367317
00231367589
00231367660
00231367740
00231367821
00231368046
00231368127
00231368208
00231368399
00231368550
00231368631
00231368712
00231368801
00231369018
00231369107
00231369280
00231369360
00231369522
00231369603
00231369794
00231369875
00231370024
00231370105
00231370296
00231370377
00231370539
00231370610
00231370709
00231370881
00231371004
00231371187
00231371268
00231371349
00231371420
00231371500
00231371934
00231372078
00231372159
00231372230
00231372310
00231372582
00231372663
00231372744
00231372825
00231373040
00231373120
00231373201
00231373392
00231373554
00231373635
00231373716
00231373805
00231374011
00231374100
00231374283
00231374364
00231374526
00231374607
00231374798
00231374879
00231375093
00231375174
00231375255
00231375336
00231375506
00231375689
00231375760
00231375840
00231376065
00231376146
00231376227
00231376308
00231376570
00231376650
00231376731
00231376812
00231377037
00231377118
00231377207
00231377380
00231377541
00231377622
00231377703
00231377894
00231378009
00231378190
00231378270
00231378351
00231378513
00231378602
00231378785
00231378866
00231379080
00231379161
00231379242
00231379323
00231379595
00231379676
00231379757
00231379838
00231380178
00231380330
00231380410